4294967294,0
4294967279,34
4294967279,33
4294967279,32
4294967279,31
4294967279,30
4294967279,28
4294967279,27
4294967279,25
4294967279,24
4294967279,23
4294967279,22
4294967279,21
4294967294,18
4294967294,127
4294967294,14
4294967294,126
4294967294,20
4294967294,13
4294967279,258
4294967279,257
4294967279,256
4294967279,255
4294967279,254
4294967279,253
4294967278,258
4294967278,257
4294967278,260
4294967278,312
4294967279,19
4294967279,18
4294967279,16
4294967278,256
4294967278,310
4294967278,309
4294967278,308
4294967278,385
4294967294,42
4294967294,41
4294967294,472
4294967278,174
4294967279,14
4294967279,11
4294967279,10
4294967278,425
4294967278,346
4294967278,0
4294967278,306
4294967294,436
4294967278,252
4294967278,251
4294967279,539
4294967278,249
4294967294,30
4294967294,61
4294967278,246
4294967294,93
4294967294,95
4294967294,423
4294967278,244
4294967294,416
4294967294,50
4294967294,12
4294967294,470
4294967294,920
4294967294,27
4294967294,92
4294967294,88
4294967294,969
4294967294,82
4294967294,1414
4294967294,83
4294967294,11
4294967294,81
4294967294,68
4294967278,243
4294967294,5
4294967278,240
4294967278,238
4294967278,237
4294967278,236
4294967278,234
4294967278,232
4294967278,230
4294967278,228
4294967278,226
4294967278,224
4294967278,222
4294967278,220
4294967278,218
4294967278,217
4294967278,214
4294967294,6
4294967294,22
4294967278,212
4294967278,211
4294967278,210
4294967278,209
4294967278,132
4294967278,131
4294967278,130
4294967278,129
4294967278,128
4294967278,127
4294967278,126
4294967278,125
4294967278,124
4294967278,123
4294967278,122
4294967278,121
4294967278,120
4294967278,119
4294967278,118
4294967278,117
4294967278,116
4294967278,115
4294967278,114
4294967278,113
4294967278,112
4294967278,111
4294967278,110
4294967278,109
4294967278,108
4294967278,107
4294967278,106
4294967278,105
4294967278,104
4294967278,103
4294967278,102
4294967278,101
4294967278,100
4294967278,99
4294967278,98
4294967278,97
4294967278,95
4294967278,94
4294967278,93
4294967278,92
4294967278,91
4294967278,90
4294967278,89
4294967278,87
4294967278,86
4294967278,85
4294967278,84
4294967278,83
4294967278,82
4294967278,80
4294967278,79
4294967278,78
4294967278,77
4294967278,76
4294967278,75
4294967278,74
4294967278,73
4294967278,72
4294967278,70
4294967278,69
4294967278,67
4294967278,66
4294967278,65
4294967278,64
4294967278,63
4294967279,85
4294967279,82
4294967279,80
4294967279,79
4294967279,77
4294967279,75
4294967279,74
4294967279,68
4294967279,67
4294967279,293
4294967279,64
4294967279,61
4294967279,59
4294967279,58
4294967279,55
4294967279,291
4294967279,50
4294967279,46
4294967279,0
4294967279,260
4294967279,42
4294967279,41
4294967279,39
4294967279,36
4294967279,29
4294967279,26
4294967279,20
4294967279,17
4294967279,15
4294967279,13
4294967279,12
4294967279,9
4294967279,8
4294967279,7
4294967279,6
4294967279,5
4294967279,4
4294967278,96
4294967278,365
4294967278,207
4294967278,205
4294967278,204
4294967278,203
4294967278,202
4294967278,201
4294967278,200
4294967278,199
4294967278,198
4294967279,198
4294967278,197
4294967279,197
4294967279,196
4294967278,195
4294967278,81
4294967278,398
4294967278,193
4294967294,972
4294967278,191
4294967279,191
4294967278,189
4294967278,188
4294967279,188
4294967278,187
4294967279,187
4294967278,186
4294967278,185
4294967279,185
4294967278,71
4294967278,388
4294967279,71
4294967279,541
4294967278,183
4294967294,17
4294967294,67
4294967294,99
4294967294,76
4294967294,43
4294967294,51
4294967294,52
4294967294,471
4294967294,25
4294967294,946
4294967294,26
0,5
4294967279,69
4294967279,538
4294967294,7
4294967278,68
4294967278,395
326,4
326,3
326,2
326,1
325,4
325,3
325,2
325,1
324,4
324,3
324,2
324,1
323,4
323,3
323,2
323,1
322,4
322,3
322,2
322,1
321,4
321,3
321,2
321,1
320,4
320,3
320,2
320,1
319,5
319,4
319,3
319,2
319,1
4294967278,424
4294967278,291
4294967278,275
315,5
315,4
315,3
315,2
315,1
4294967279,358
312,5
312,4
312,3
312,2
312,1
4294967279,357
4294967294,1418
309,5
309,4
309,3
309,2
309,1
308,5
308,4
308,3
308,2
308,1
4294967279,355
307,6
307,5
307,4
307,3
307,2
307,1
306,5
306,4
306,3
306,2
306,1
305,5
305,4
305,3
305,2
305,1
304,5
304,4
304,3
304,2
304,1
302,4
302,3
302,2
302,1
4294967278,423
4294967279,284
4294967278,422
4294967278,421
